-6,729241950242009 -3,171481223623228 2,769170757752567 -3,143910117075365 2,3098952276289415 2,6121526532197827 -7,989039657256775 2,4209961061121494 3,055631188912592 -3,0579837273479042 -6,295423703480341 -4,31893498216149 
0,731402015805382 -7,880957352645533 -5,299547296113727 -0,6719320459026159 1,4131005376560004 0,692128970965578 -3,0087654355276534 -5,620219807009808 5,085273631300473 -3,147829158744041 -7,246765224565311 3,385942124851439 
-2,191401583040733 -2,804223746772359 -3,500252284727826 -0,753594552851594 2,102952848416471 -6,475325701748656 -7,410321306455997 3,027437999550408 -5,154671030658612 -0,709066392832933 4,361431377087058 0,2405896902662828 
-4,678259807984106 4,76578379345681 3,577683146339928 0,1640052019349784 -7,216792884912645 -1,1920749589395756 -1,2759785954706797 -4,243070330859692 2,931374429552239 -6,508883050779297 -0,1510799281481627 -6,5481689463979516 
-3,850450428822529 -6,654813167869634 -6,875462814322409 -0,0698764124584152 4,67445067183232 -1,134162306266716 2,841529500234062 -8,511521325937204 -6,329679661779346 0,8500557283653766 -1,0081679722911043 -4,686384529764463 
-2,5743333929214325 -3,963458556123087 -5,2635663998478615 -0,9409535750056826 -7,541330171655806 1,8728510469647186 3,192311460748959 5,9468694107924245 -7,273796812974326 -2,6332035675374708 -0,8394686003323839 -5,341906818359544 
-2,53848242208675 3,480778448042929 -5,150947002392174 1,592388815612258 -9,553583657578399 -0,4928960866702081 3,7682967687964237 -5,226284226087392 -3,9441299267050622 -0,919063980775755 -7,151176495391287 0,19695846236873193 
-5,253940514019267 -3,7916019777833743 3,7762295153657703 -1,2437521323097664 0,7908925294762318 -4,712485901384302 4,304015584556463 2,405416640977888 -7,035023241704271 -1,641074318551241 -8,743715940091874 -3,5356153088571087 
-2,884533716337981 -4,627157626407294 0,5905153000130698 -5,820586099243229 2,4390081817213254 -8,232791204928454 0,22023995833918392 -6,954540252623402 2,228736656102467 -0,9186149757617255 0,3451332337846554 3,3892809175929823 
4,335407487911611 2,395884547019735 -8,307301384474032 -2,1924164901249403 -0,5188456492869427 -7,2306016574519605 -1,328719125287876 5,593977035646914 -1,1429713289263297 -5,522154945230782 -6,271712109627582 3,4188381933556165 
4,790117106400651 2,0659009435215197 0,5264822387486218 -8,853197524594597 2,7671071907089084 -0,24641307943174837 -1,5823288220235123 -4,288839084687556 -8,170248248408384 -2,0959195834338606 0,3749639518128715 -5,955763218522567 
1,1763829594015565 -5,712653363714993 3,8384259687622038 2,4828538364481103 1,9196248794023703 -3,220818625475487 -0,9006844474457556 -5,611584343548537 -2,2529473537230347 -9,676047093963293 1,7170335084413784 -4,448923723330753 
2,795786570552172 6,248602168791489 1,0478753003305363 -2,2825289710929684 -3,5342773271070986 1,4362772100461554 -6,254295723157576 4,146700670071708 -5,396083011182038 -4,783914743153206 -4,553901774553027 -5,681804145969473 
5,676189549648603 -5,566750986191066 1,7507735727638007 -0,08337322363011672 -3,7309871597425084 -8,082465325563671 -3,8335244006348907 1,272335503712342 2,6115172336954084 -2,0677316708220483 -3,6806339927127163 -3,083031391794228 
4,502395827818244 3,5098406647155156 -4,05973792302259 -1,2801307867939848 -7,56742410392276 -1,935318086226027 -6,890742571922524 -3,819253419212279 1,8732528241564097 -5,069762361406352 0,4077048650475099 3,3534696706825313 
-3,7828375967095274 -4,944977930971981 -6,123513379512413 1,403185156648068 -6,009313429216435 -0,2994913019624741 -7,943939467785692 -0,07292456278119265 6,1147344411477285 -2,466222644534145 2,7574767133341607 -6,191066056527475 
3,181523347339091 -5,267843311839446 -1,3373842358103647 -8,26980960244768 -6,204245042746325 1,3935731555461428 1,3033309868735008 -5,499119905024452 3,151439445861101 -0,8887123242491124 -0,2191669945882469 -4,096208890070328 
-3,1517258861893764 3,0726634734596656 -3,429009475170694 -1,8943240263272099 3,4591979718651062 2,284549440666865 -8,30339538228835 -2,040872236939468 -7,467828573260307 -2,748801535639005 -5,58550183618442 3,305233669112296 
-3,4176360947535924 -0,09590247304293677 -5,552793394625293 -7,754357935170892 -6,221152875129032 -4,5786212230022425 -0,5417998801333507 4,849120054084288 3,2132935080224527 -1,1673953068208405 0,4444903711584067 2,665473554860449 
3,0916264307113583 2,270427389102908 4,502536426426807 0,3762638229806401 -1,3397665329337543 -7,781148042871284 -1,3811338588918498 -6,707367047075976 -6,205979141132242 -4,247227759373363 -4,187492837507148 2,8670893444448966 
-4,629964102902184 4,064161454819537 3,5352104607273547 -6,491596274521077 -6,8837848028338025 -2,2511876056684548 -3,1280559164084716 -3,194750121892277 -6,706542848883677 -0,5859483602437 2,3414997115896043 2,4815546879915686 
-1,5194399487156833 -3,1437114532987094 2,259645117398673 -7,187852153438781 1,8392653886164179 -1,1901238496055144 -0,5771581855973443 3,8283468486730725 -4,415244040399345 -8,284642193563217 -0,3694413091526052 2,8187696718420727 
-4,039392563586485 3,9728375787546923 -4,561542712415415 -0,1228525635097742 1,6952169934655845 -7,220900050679665 -0,09926221875549444 -3,3070897298498285 4,556260120964034 -1,4087618335229808 -3,777686216712684 -6,403741116970242 
